192 1 //signal chapter7-3 model
       7.4191
       7.3080
       7.3463
       7.2732
       7.3641
       7.3306
       7.3727
       7.3829
       7.4208
       7.5053
       7.6235
       7.6892
       7.4683
       7.3677
       7.4108
       7.3384
       7.4267
       7.3955
       7.4552
       7.4682
       7.5067
       7.5937
       7.7075
       7.7704
       7.5361
       7.4237
       7.4633
       7.3889
       7.4792
       7.4444
       7.4930
       7.4991
       7.5279
       7.6086
       7.7190
       7.7793
       7.5579
       7.4515
       7.4938
       7.4208
       7.5155
       7.4819
       7.5264
       7.5305
       7.5635
       7.6497
       7.7657
       7.8305
       7.6047
       7.4968
       7.5337
       7.4658
       7.5482
       7.5072
       7.5511
       7.5498
       7.5765
       7.6436
       7.7286
       7.7379
       7.5047
       7.3514
       7.3974
       7.3117
       7.4173
       7.3954
       7.4515
       7.4671
       7.5023
       7.5749
       7.6309
       7.6751
       7.3968
       7.2801
       7.3196
       7.2426
       7.3321
       7.2922
       7.3368
       7.3433
       7.3776
       7.4528
       7.5627
       7.6082
       7.3752
       7.2681
       7.3004
       7.2242
       7.3097
       7.2681
       7.3131
       7.3226
       7.3675
       7.4485
       7.5610
       7.6218
       7.3894
       7.2741
       7.3130
       7.2260
       7.3112
       7.2810
       7.3368
       7.3661
       7.4015
       7.4847
       7.5990
       7.6628
       7.4368
       7.3197
       7.3603
       7.2863
       7.3731
       7.3415
       7.3913
       7.4006
       7.4351
       7.5149
       7.6186
       7.6812
       7.4528
       7.3379
       7.3738
       7.2856
       7.3699
       7.2830
       7.3186
       7.3329
       7.3745
       7.4570
       7.5695
       7.6255
       7.3988
       7.2727
       7.3093
       7.2195
       7.3085
       7.2699
       7.3206
       7.3310
       7.3684
       7.4495
       7.5558
       7.6097
       7.3756
       7.2747
       7.2903
       7.2222
       7.3191
       7.2843
       7.3273
       7.3244
       7.3637
       7.4435
       7.5370
       7.5907
       7.3665
       7.2701
       7.3105
       7.2328
       7.3272
       7.2891
       7.3436
       7.3520
       7.3836
       7.4646
       7.5690
       7.6208
       7.3931
       7.0410
       7.0864
       7.0008
       7.0901
       7.0530
       7.0994
       7.1136
       7.1597
       7.2403
       7.3454
       7.4026
       7.1766
       7.0761
       7.1183
       7.0454
       7.1401
       7.1079
       7.1622
       7.1795
       7.2266
       7.3049
       7.4147
       7.4699
