[[64, 19, 11, -2.5, -5.5, 6.05],
 [8854, 17, 20, 6.5, -3.5, 7.39],
 [8859, 5, 10, -3.5, 8.5, 9.2],
 [8815, 13, 23, 9.5, 0.5, 9.52],
 [8808, 11, 23, 9.5, 2.5, 9.83],
 [8834, 16, 23, 9.5, -2.5, 9.83],
 [10, 6, 7, -6.5, 7.5, 9.93],
 [8799, 7, 21, 7.5, 6.5, 9.93],
 [27, 6, 5, -8.5, 7.5, 11.34],
 [8791, 6, 22, 8.5, 7.5, 11.34],
 [91, 15, 2, -11.5, -1.5, 11.6],
 [105, 17, 2, -11.5, -3.5, 12.03],
 [69, 26, 15, 1.5, -12.5, 12.59],
 [8781, 3, 22, 8.5, 10.5, 13.51],
 [97, 27, 12, -1.5, -13.5, 13.59],
 [8776, 10, 27, 13.5, 3.5, 13.95],
 [8763, 3, 23, 9.5, 10.5, 14.16],
 [8764, 9, 27, 13.5, 4.5, 14.24],
 [8770, 0, 21, 7.5, 13.5, 15.45],
 [5, 27, 23, 9.5, -13.5, 16.51],
 [8748, 3, 27, 13.5, 10.5, 17.11]]


